
Bakerloo, 27.0,179,99,5
5,Baker Street,7362,9655,19,50,58,66,101,126,140,
34,Charing Cross,9631,11241,52,92,118,
49,Edgware Road (Bakerloo),6423,9955,101,116,
51,Elephant and Castle,11337,12589,20,81,89,
52,Embankment,9803,11353,34,147,164,171,
72,Harlesden,349,8366,175,
82,Kensal Green,2638,8949,122,175,
85,Kilburn Park,4758,8384,97,122,
89,Lambeth North,10562,12244,51,164,
97,Maida Vale,5364,8941,85,163,
101,Marylebone,6907,9748,5,49,
115,Oxford Circus,8499,10506,19,67,118,126,150,162,
116,Paddington,6077,10548,12,49,50,127,163,
118,Piccadilly Circus,9009,11108,34,67,92,115,
122,Queens Park,4009,8494,82,85,
126,Regents Park,8162,9559,5,115,
163,Warwick Avenue,5555,9703,97,116,
164,Waterloo,10447,11800,52,81,89,138,171,
175,Willesden Junction,1302,8791,72,82,

Central, 37.2,227,32,23
7,Bank,12101,10622,95,96,104,141,
10,Barkingside,24185,2223,55,108,
16,Bethnal Green,14392,9021,95,102,
19,Bond Street,7894,10680,5,67,100,115,
33,Chancery Lane,10493,10091,77,141,
45,East Acton,1053,10574,110,172,
55,Fairlop,24299,1078,10,68,
61,Gants Hill,22663,3301,108,125,
68,Hainault,24521,322,55,
77,Holborn,9950,10245,33,40,128,150,
78,Holland Park,3961,11518,112,130,
90,Lancaster Gate,6108,10937,100,123,
93,Leyton,17692,5489,94,145,
94,Leytonstone,18742,4304,93,133,161,
95,Liverpool Street,12557,10137,0,1,7,16,104,
100,Marble Arch,7272,10677,19,90,
102,Mile End,15974,9188,16,23,143,145,
108,Newbury Park,24344,3355,10,61,
110,North Acton,228,9796,45,
112,Notting Hill Gate,4693,11252,12,74,78,123,
115,Oxford Circus,8499,10506,19,67,118,126,150,162,
123,Queensway,5280,11118,90,112,
125,Redbridge,21230,3362,61,161,
130,Shepherds Bush,3138,11829,78,172,
133,Snaresbrook,19558,2905,94,136,
136,South Woodford,19974,1707,133,
141,St. Pauls,11502,10472,7,33,
145,Stratford,17930,7312,93,102,
150,Tottenham Court Road,9171,10379,65,77,92,115,
161,Wanstead,20082,3557,94,125,
172,White City,2693,10983,45,130,

Circle, 23.7,255,211,0
0,Aldgate,13026,10487,95,152,
5,Baker Street,7362,9655,19,50,58,66,101,126,140,
8,Barbican,11476,9874,56,104,
12,Bayswater,5242,10934,112,116,
17,Blackfriars,11135,10843,99,147,
31,Cannon Street,12020,10845,99,103,
50,Edgware Road (Circle/District/Hammersmith and City,6624,10022,5,116,
52,Embankment,9803,11353,34,147,164,171,
54,Euston Square,8984,9350,66,86,
56,Farringdon,10982,9889,8,86,
62,Gloucester Road,5593,12885,44,74,134,
64,Goldhawk Road,2528,12117,70,131,
66,Great Portland Street,8258,9559,5,54,
70,Hammersmith (Met.),2743,13068,64,
74,High Street Kensington,5019,12206,44,62,112,
86,Kings Cross St. Pancras,9633,8798,2,26,53,54,56,75,128,
88,Ladbroke Grove,3681,10405,91,170,
91,Latimer Road,3186,10779,88,178,
95,Liverpool Street,12557,10137,0,1,7,16,104,
99,Mansion House,11744,10771,17,31,
103,Monument,12304,10919,31,152,
104,Moorgate,12085,10056,7,8,95,113,
112,Notting Hill Gate,4693,11252,12,74,78,123,
116,Paddington,6077,10548,12,49,50,127,163,
127,Royal Oak,5161,10248,116,170,
131,Shepherds Bush Market,2518,11694,64,178,
132,Sloane Square,7477,13076,134,159,
134,South Kensington,6262,12916,62,87,132,
139,St. James's Park,9026,12230,159,171,
147,Temple,10392,10923,17,52,
152,Tower Hill,12963,10928,0,1,103,
159,Victoria,8338,12602,67,119,132,139,
170,Westbourne Park,4317,9969,88,127,
171,Westminster,9637,12015,52,67,139,164,
178,Wood Lane,2711,11269,91,131,

District, 29.1,0,120,42
1,Aldgate East,13206,10400,95,152,173,
9,Barking,23802,7390,47,156,
11,Barons Court,3530,13411,44,69,169,
12,Bayswater,5242,10934,112,116,
13,Becontree,26995,7291,42,156,
17,Blackfriars,11135,10843,99,147,
22,Bow Church,16811,8909,23,143,
23,Bow Road,16545,8980,22,25,102,
25,Bromley-by-Bow,17431,9201,23,167,
31,Cannon Street,12020,10845,99,103,
41,Dagenham East,29681,6700,42,
42,Dagenham Heathway,28432,7068,13,41,
44,Earls Court,4854,13253,11,62,74,165,169,
47,East Ham,21770,7478,9,157,
48,East Putney,3784,16893,121,137,
52,Embankment,9803,11353,34,147,164,171,
60,Fulham Broadway,4799,14489,117,165,
62,Gloucester Road,5593,12885,44,74,134,
69,Hammersmith (District),2871,13250,11,124,154,
74,High Street Kensington,5019,12206,44,62,112,
99,Mansion House,11744,10771,17,31,
103,Monument,12304,10919,31,152,
112,Notting Hill Gate,4693,11252,12,74,78,123,
116,Paddington,6077,10548,12,49,50,127,163,
117,Parsons Green,4426,15088,60,121,
120,Plaistow,19455,8428,157,167,
121,Putney Bridge,3873,15891,48,117,
124,Ravenscourt Park,1955,13022,69,142,
132,Sloane Square,7477,13076,134,159,
134,South Kensington,6262,12916,62,87,132,
137,Southfields,4127,18442,48,176,
139,St. James's Park,9026,12230,159,171,
142,Stamford Brook,1310,12995,124,154,
143,Stepney Green,14963,9584,22,102,173,
147,Temple,10392,10923,17,52,
152,Tower Hill,12963,10928,0,1,103,
154,Turnham Green,664,12929,69,142,
156,Upney,25241,7473,9,13,
157,Upton Park,20601,7802,47,120,
159,Victoria,8338,12602,67,119,132,139,
165,West Brompton,4780,13703,44,60,
167,West Ham,18599,8759,25,30,120,
169,West Kensington,4032,13412,11,44,
171,Westminster,9637,12015,52,67,139,164,
173,Whitechapel,14135,9874,1,143,
176,Wimbledon Park,4671,19575,137,

Hammersmith and City, 25.3,243,169,187
1,Aldgate East,13206,10400,95,152,173,
5,Baker Street,7362,9655,19,50,58,66,101,126,140,
8,Barbican,11476,9874,56,104,
23,Bow Road,16545,8980,22,25,102,
25,Bromley-by-Bow,17431,9201,23,167,
47,East Ham,21770,7478,9,157,
50,Edgware Road (Circle/District/Hammersmith and City,6624,10022,5,116,
54,Euston Square,8984,9350,66,86,
56,Farringdon,10982,9889,8,86,
64,Goldhawk Road,2528,12117,70,131,
66,Great Portland Street,8258,9559,5,54,
70,Hammersmith (Met.),2743,13068,64,
86,Kings Cross St. Pancras,9633,8798,2,26,53,54,56,75,128,
88,Ladbroke Grove,3681,10405,91,170,
91,Latimer Road,3186,10779,88,178,
95,Liverpool Street,12557,10137,0,1,7,16,104,
102,Mile End,15974,9188,16,23,143,145,
104,Moorgate,12085,10056,7,8,95,113,
116,Paddington,6077,10548,12,49,50,127,163,
120,Plaistow,19455,8428,157,167,
127,Royal Oak,5161,10248,116,170,
131,Shepherds Bush Market,2518,11694,64,178,
143,Stepney Green,14963,9584,22,102,173,
157,Upton Park,20601,7802,47,120,
167,West Ham,18599,8759,25,30,120,145,
170,Westbourne Park,4317,9969,88,127,
173,Whitechapel,14135,9874,1,143,
178,Wood Lane,2711,11269,91,131,

Jubilee, 39.1,160,165,169
5,Baker Street,7362,9655,19,50,58,66,101,126,140,
15,Bermondsey,13858,12288,28,96,
19,Bond Street,7894,10680,5,67,100,115,
28,Canada Water,14796,12240,15,29,
29,Canary Wharf,16955,11580,28,111,
30,Canning Town,18851,10383,111,167,
43,Dollis Hill,1604,6601,107,174,
58,Finchley Road,5690,7030,5,146,168,
67,Green Park,8409,11450,19,80,115,118,159,171,
84,Kilburn,3986,7089,168,174,
96,London Bridge,12334,11581,7,15,20,138,
107,Neasden,812,6311,43,
111,North Greenwich,18565,11906,29,30,
138,Southwark,10963,11708,96,164,
140,St. Johns Wood,6139,8381,5,146,
146,Swiss Cottage,6008,7474,58,140,
164,Waterloo,10447,11800,52,81,89,138,171,
167,West Ham,18599,8759,25,30,120,145,
168,West Hampstead,4921,7007,58,84,
171,Westminster,9637,12015,52,67,139,164,
174,Willesden Green,2747,6849,43,84,

Metropolitan, 30.0,155,0,86
0,Aldgate,13026,10487,95,152,
5,Baker Street,7362,9655,19,50,58,66,101,126,140,
8,Barbican,11476,9874,56,104,
54,Euston Square,8984,9350,66,86,
56,Farringdon,10982,9889,8,86,
58,Finchley Road,5690,7030,5,146,168,
66,Great Portland Street,8258,9559,5,54,
86,Kings Cross St. Pancras,9633,8798,2,26,53,54,56,75,128,
95,Liverpool Street,12557,10137,0,1,7,16,104,
104,Moorgate,12085,10056,7,8,95,113,

Northern, 33.2,0,0,0
2,Angel,10894,8470,86,113,
3,Archway,8753,4906,76,153,
6,Balham,7879,18538,37,148,
7,Bank,12101,10622,95,96,104,141,
14,Belsize Park,6796,6658,32,71,
20,Borough,11776,11999,51,96,
24,Brent Cross,3302,3806,63,73,
27,Camden Town,8317,7757,32,53,83,106,
32,Chalk Farm,7523,7312,14,27,
34,Charing Cross,9631,11241,52,92,118,
35,Clapham Common,8825,16442,36,37,
36,Clapham North,9400,16081,35,144,
37,Clapham South,8179,17474,6,35,
38,Colindale,692,1796,73,
39,Colliers Wood,6228,21297,135,149,
46,East Finchley,6639,2529,57,76,
51,Elephant and Castle,11337,12589,20,81,89,
52,Embankment,9803,11353,34,147,164,171,
53,Euston,8984,8998,27,86,106,162,
57,Finchley Central,4629,1069,46,166,
63,Golders Green,4596,4262,24,71,
65,Goodge Street,8902,9896,150,162,
71,Hampstead,5805,5976,14,63,
73,Hendon Central,2356,3102,24,38,
76,Highgate,7900,3575,3,46,
81,Kennington,11057,13396,51,109,114,164,
83,Kentish Town,8426,6637,27,153,
86,Kings Cross St. Pancras,9633,8798,2,26,53,54,56,75,128,
92,Leicester Square,9384,10921,34,40,118,150,
96,London Bridge,12334,11581,7,15,20,138,
104,Moorgate,12085,10056,7,8,95,113,
105,Morden,5061,23170,135,
106,Mornington Crescent,8590,8374,27,53,
109,Nine Elms,9455,14401,81,
113,Old Street,12161,9259,2,104,
114,Oval,10505,14217,81,144,
135,South Wimbledon,5225,21700,39,105,
144,Stockwell,9870,15263,36,114,158,179,
148,Tooting Bec,7412,19367,6,149,
149,Tooting Broadway,6812,20360,39,148,
150,Tottenham Court Road,9171,10379,65,77,92,115,
153,Tufnell Park,8597,5917,3,83,
162,Warren Street,8650,9461,53,65,115,
164,Waterloo,10447,11800,52,81,89,138,171,
166,West Finchley,4904,132,57,

Piccadilly, 33.1,0,54,136
4,Arsenal,10826,5626,59,79,
11,Barons Court,3530,13411,44,69,169,
21,Bounds Green,9393,267,177,
26,Caledonian Road,9965,6834,79,86,
40,Covent Garden,9639,10751,77,92,
44,Earls Court,4854,13253,11,62,74,165,169,
59,Finsbury Park,10782,4949,4,75,98,129,
62,Gloucester Road,5593,12885,44,74,134,
67,Green Park,8409,11450,19,80,115,118,159,171,
69,Hammersmith (District),2871,13250,11,124,154,
77,Holborn,9950,10245,33,40,128,150,
79,Holloway Road,10327,6276,4,26,
80,Hyde Park Corner,7727,11932,67,87,
86,Kings Cross St. Pancras,9633,8798,2,26,53,54,56,75,128,
87,Knightsbridge,7162,12083,80,134,
92,Leicester Square,9384,10921,34,40,118,150,
98,Manor House,11471,4251,59,155,
118,Piccadilly Circus,9009,11108,34,67,92,115,
128,Russell Square,9604,9611,77,86,
134,South Kensington,6262,12916,62,87,132,
154,Turnham Green,664,12929,69,142,
155,Turnpike Lane,10921,2083,98,177,
177,Wood Green,10435,1306,21,155,

Victoria, 40.6,0,152,212
18,Blackhorse Road,15311,2477,151,160,
53,Euston,8984,8998,27,86,106,162,
59,Finsbury Park,10782,4949,4,75,98,129,
67,Green Park,8409,11450,19,80,115,118,159,171,
75,Highbury and Islington,10959,6963,59,86,
86,Kings Cross St. Pancras,9633,8798,2,26,53,54,56,75,128,
115,Oxford Circus,8499,10506,19,67,118,126,150,162,
119,Pimlico,9108,13347,158,159,
129,Seven Sisters,13043,2806,59,151,
144,Stockwell,9870,15263,36,114,158,179,
151,Tottenham Hale,13880,2268,18,129,
158,Vauxhall,9763,13755,119,144
159,Victoria,8338,12602,67,119,132,139,
160,Walthamstow Central,16683,2747,18,
162,Warren Street,8650,9461,53,65,115,
179,Brixton,10443,16299,144,